Payoff Logs:
0.3148691397656997
0.3338487750540177
0.35539000019431116
0.37568221484621367
0.4032954551279545
0.4275022671620051
0.44681437452634176
0.4570574944218
0.46758649865786234
0.4801664365331332
0.48444575771689413
0.4915356019635995
0.4924180958668391
0.49531373724341393
0.4996884020169576
0.5044542908171813
0.5099463274578253
0.5125811402996381
0.5185711657504241
0.5182703936596712
0.5219757198294004
0.5254733373721441
0.5317905123035113
0.5327297030886015
0.5366459755599499
0.5354676982760429
0.539117257942756
0.535312754958868
0.5373995254437128
0.5373324134945869
0.5370288680493832
0.5331243945658207
0.5315732948482037
0.5326600647469362
0.5344046359757583
0.5322394329309463
0.5353680205841859
0.5323462869723637
0.5332202939689159
0.5255632061262926
0.5265612677236398
0.5280608358979225
0.5219725256164869
0.5271742884318034
0.521565223733584
0.521631073007981
0.5211148903270563
0.5189394361774127
0.5220680445432663
0.5169507123529911
0.5150746730466683
0.5106660763919354
0.5021421804527442
0.5034401595592499
0.49744473040103915
0.4897578905026118
0.4915541902681192
0.4893780740102132
0.4804041381428639
0.4765756764014562
0.46528715511163077
0.4819601839284102
0.47443093431492644
0.4581122108300527
0.46809913744529086
0.45166467239459357
0.45034934222698214
