Payoff Logs:
0.3077421403174512
0.32001215275975725
0.3385625057875909
0.3556137206759274
0.36704378400791593
0.37090818503767586
0.3692937973863906
0.3776489055537144
0.37213142553841055
0.3726876309679942
0.3793756279029622
0.38391625911339466
0.3855069595197832
0.3896901925126306
0.39273417769713875
0.40105982817093644
0.4021277453773469
0.4096524018074986
0.4230418337857971
0.4225085944572995
0.42897523889591355
0.43817566924141416
0.4473087644181945
0.4443070374976613
0.4539238373839443
0.45345333536760696
0.46273382485421677
0.4610499233529026
0.470686756397357
0.4709990705967624
0.478171273378782
0.4808184295686932
0.48791112269994896
0.49366300386673234
0.49780179307273836
0.4958234170453505
0.4944426677277677
0.49567862117609174
0.49533760219720274
0.5079016860755718
0.5024362968872692
0.516177572665549
0.5177777171915644
0.519785788245177
0.5096412859598684
0.5195079743640133
0.521349075298155
0.5284489784143314
0.5232122157801108
0.5225406343884303
0.5175384408582573
0.5179758809475268
0.5200629145092762
0.51769636745738
0.5241973089013513
0.5374221186081852
0.5374305219719202
0.5397806611087057
0.5292742647266998
0.5444094379114932
0.5446482313164753
0.5322598412271855
0.542725865242933
0.5391184224242589
0.544980070197542
0.5431843489228477
0.547579379629532
0.5459016956109536
0.5429135475229989
0.5528422078118274
0.5382376013939476
0.5509837368423033
0.5491121864595991
0.5517507975063262
0.5445784946357685
0.5352994638466879
0.5415406711904992
0.5466157636460925
0.5557161296778114
0.5564158141762187
