Payoff Logs:
0.5476893882982624
0.5858676164496831
0.6319532820143398
0.6526795123798211
0.6664801458332601
0.6789332960497856
0.6864979430397455
0.6921473848588973
0.7027686825767736
0.7113923037500124
0.7239291873988339
0.7387587434605678
0.754827913668276
0.7675336680662224
0.7803628957399862
0.7923184380746883
0.8044779177225614
0.819428400687822
0.8313356777874478
0.8407884270007405
0.8476231738807022
0.8513348115268038
0.856255218637603
0.862537736422645
0.8726584349866076
0.8816310545837506
0.8808915173510675
0.8890127209279902
0.8909740533681275
0.8915135926241328
0.8930427768928317
0.8953946496623005
0.9045951241702244
0.9001367194796194
0.9020872934588156
0.9025351999438499
0.9036279621830962
0.903919601086435
0.9050067162706454
0.9025204695236556
0.9059005200381064
0.9037270589309521
0.9041990436392192
0.8972412814461673
0.9032817480288121
0.9064050941923781
0.9070138346161047
0.903968742989068
0.9076340112524341
0.9117722574212281
0.911503975308139
0.906534177615278
0.9077721608997205
0.9093829174119864
0.9104001093043315
0.9101998351400503
0.9079323654679642
0.9045897343650032
0.9071084238938097
0.9025661719368294
0.9034289569888833
0.9010292862086117
0.9000110852224213
0.9024086877750067
0.9033548691805422
0.9045399028227544
0.9009835128824046
0.8940626598864065
0.8923050123477471
0.8877626728898893
0.8846081531910389
0.8814137180248686
0.890649201730545
0.893757515575155
0.9051258993770687
0.9041173606717935
0.9113925040286371
0.9122619341710092
0.9130456022568765
0.9153577863977922
