Payoff Logs:
0.2458317763507366
0.25351333713531493
0.25753196176886556
0.2594036563336849
0.26054847466945646
0.26297387650609017
0.2673395910859108
0.2710571620762348
0.2773468126356602
0.2814637408554554
0.28849230462312697
0.2946777935028076
0.3010894755125046
0.31106877672672273
0.31884911948442457
0.3288411536514759
0.3364017351567745
0.3456242547929287
0.35161135789752007
0.3560241374373436
0.360528955578804
0.36875811517238616
0.371372172832489
0.3667196490764618
0.3716684499382973
0.3769158932566643
0.3728673141002655
0.3758090369105339
0.3828273016214371
0.3829618939757347
0.3900890733599663
0.38547080200910566
0.3858634661436081
0.3913896010518074
0.38830282604694366
0.39145647579431536
0.3952400799393654
0.39229235261678697
0.3929686743617058
0.39441459167003634
0.39517698764801024
0.3969872145652771
0.39971845668554307
0.39823529654741285
0.39539141499996183
0.4016780212521553
0.3991133981943131
0.4041562477350235
0.40462767392396926
0.4040507167577744
0.40065546905994415
0.4052068536877632
0.4010725422501564
0.39699343270063403
0.4041186551451683
0.41082112669944765
0.40576332551240923
0.4011738907694817
0.4079999557733536
0.4078878105282783
0.4064423286318779
0.4073124342560768
0.4076467047333717
0.4129074890613556
0.4098499700427055
0.41105926501750945
0.4096040150523186
0.4116680687069893
0.41568598967790604
0.4091523241996765
0.40436918711662295
0.4051964946389198
0.4151295092701912
0.41031614756584167
0.41300229674577715
0.4125351336598396
0.41683984142541886
0.41927062487602235
0.4158998919725418
0.41672109174728394
