Payoff Logs:
0.3078354899213673
0.3315808683986636
0.34984412758074535
0.3610993387152819
0.36600453736699556
0.37041670250320957
0.3739296140251763
0.3733051313312747
0.375261001895578
0.37842310961296766
0.3828863346693101
0.38826637949457504
0.39298240081495955
0.39392810497889946
0.403829370548344
0.4054245231547011
0.4063481259634825
0.4163511602959683
0.4125697951237835
0.4144418255891794
0.4355204861139654
0.42944153536599017
0.43664439914309194
0.43665215398885726
0.44255259036699873
0.43940382154477203
0.44632385742833963
0.4462318640470611
0.4677769729714812
0.4731578007709541
0.4718334983978846
0.4833506305190601
0.4743325178250356
0.4896482914571705
0.4924199264116864
0.49756546409557134
0.4925549673122161
0.5032803163166408
0.5078902969632917
0.5088717762519795
0.5157060238856289
0.5225860865991782
0.5298170731428583
0.5302784594459189
0.5236028413510859
0.5134449763275399
0.5300573900650362
0.5240500825145517
0.5316148834147293
0.532957825280722
0.5320020402891098
0.5373939849298226
0.5379352964086505
0.5371566717389012
0.5336815480651889
0.5452259381397843
0.542278726972161
0.5416901309964689
0.5379942220518232
0.5377009360876982
0.5451939448443809
0.5495614699008733
0.5432064632509107
0.5562996344524918
0.5566297830087555
0.5553473777061425
0.5521937281980477
0.5533416172641308
0.5633410326378656
0.5559066259566765
0.5602118804730376
0.5582085482991022
0.5578457843272059
0.5554152063283063
0.5663155389357638
0.5645496614041339
0.5605580282898562
0.5593724359843785
0.5563792446979685
0.5569214331631153
