Payoff Logs:
0.32959892513610434
0.35677773623285103
0.3690318218113408
0.3821257397266388
0.3831212647410651
0.3890226167610837
0.391584449074245
0.38367449127831504
0.39023959625843885
0.39521095826374797
0.3853450175133751
0.38746534089643875
0.3927200319328476
0.39541707159638734
0.3954834345854811
0.3967342536807053
0.3948467193888667
0.399042588425502
0.40253023789214315
0.4090720350902711
0.4201356020829591
0.41942242143490555
0.4238868324500081
0.43036236217261387
0.4376066306000897
0.4355544028641849
0.44212957010362963
0.44415352015809284
0.4457643029278362
0.4515032829959336
0.4518609935337309
0.46510878966967917
0.4689149313589293
0.46426565944528847
0.4731158996830888
0.47745080820740554
0.4824606781628433
0.4818963068319632
0.4879431654457572
0.49429549792676336
0.5014676247617231
0.499127929364981
0.5009344586923189
0.5046335778066061
0.5099397509273489
0.517586037520797
0.5235517210715699
0.5252397345845476
0.525966641986923
0.5268540550077546
0.5300392137597596
0.5282337875118659
0.5342886188688942
0.5245376022130545
0.5324894420762601
0.5303057019030277
0.5279346611856154
0.5294669384863406
0.5336176736363527
0.5335277810724389
0.5356344935082411
0.5439595591064997
0.5401003130913332
0.543446793860835
0.5455279949135551
0.5428561573826094
0.5377695654420468
0.5381948104697587
0.5392347434575377
0.5444960775647835
0.544247669763102
0.5495576888422162
0.5517901237095122
0.5468796667717107
0.5558176649555793
0.5608009335215153
0.5626116286158453
0.5570107080605642
0.5686334390052832
0.5594126869302822
