Payoff Logs:
0.32030909433960914
0.33231907883286477
0.3401353869438171
0.3540614114999771
0.3613367906808853
0.36573299902677536
0.3688234850764275
0.3767706476449966
0.3794863309264183
0.3866255438327789
0.3918920488357544
0.4007729822397232
0.40946224945783616
0.41675453740358354
0.43030229371786116
0.43405113792419436
0.44695510214567186
0.4485845052599907
0.46066359603405
0.4641774162054062
0.480621754527092
0.48036441814899444
0.48341436457633974
0.48662654441595077
0.48657209634780885
0.4852156382799149
0.4938852898478508
0.49976643389463427
0.501682545363903
0.5124723938703537
0.5083910064101219
0.5083814438581467
0.5082811568379402
0.5071187846660614
0.5094712982177735
0.5131797251105309
0.5106703590750694
0.5099873153567314
0.512123877108097
0.5113438381552696
0.5263994011878967
0.5198345795273781
0.5317201617360116
0.5338224648237229
0.5316206886768341
0.5306103183031082
0.539839980661869
0.5428170434832573
0.5387249150276184
0.5385699923634529
0.5339758424162865
0.5375838265419006
0.5463587411642075
0.5381010746955872
0.5417873387336731
0.542576648414135
0.5435382736325264
0.5413423203825951
0.5462023454904557
0.5486310457587242
0.5504013338685035
0.544743988096714
0.5499325246214867
0.5457776892185211
0.5520230114459992
0.5518786017894745
0.5472181691527367
0.5523249028921128
0.5553617079257965
0.5553744136691093
0.5547080340385437
0.5547317342162132
0.5522087103128434
0.5550289713144302
0.560674556851387
0.5537201398611069
0.5580804899930955
0.5612141839861869
0.5466614418029785
0.5528459213972091
