Payoff Logs:
0.5194273434573651
0.5351632578887527
0.5468712682600788
0.5530676544013435
0.5556414172413586
0.5593626235939656
0.562240488360588
0.5685104931747408
0.571367003175426
0.5762309874170283
0.5825402536190569
0.5861597801879944
0.591096564941147
0.6006108024514906
0.6079627567553471
0.6130530406192617
0.621728199821818
0.6304245342253199
0.6296822040190004
0.6358639935330496
0.6366133276258905
0.6351243125904513
0.6365143391220112
0.6381031413871817
0.6388866004793742
0.6378762780789149
0.6348780034137317
0.6364762145420507
0.6343354686274858
0.6371395244084732
0.6350588134842533
0.6346384612494055
0.633466368857468
0.632904977488045
0.6279309712447276
0.6314765119071267
0.6285878706451002
0.6297828998723516
0.6310658931005606
0.6320651580702623
0.6283567418150079
0.6321118168833582
0.6306222868090574
0.6350943869882765
0.6346681183305649
0.631644014166801
0.6281433357471555
0.629497154365662
0.6309593587920516
0.6366780126306042
0.6338533203661156
0.628268883684338
0.6375439621099465
0.6332070505454027
0.6293722055509626
0.6325150696386415
0.6317174377815641
0.6288869095743351
0.6285052322224858
0.6237052005050009
0.6323484375788563
0.627400475724418
0.6261364537619044
0.6349713908599405
0.631776369607054
0.6339462361382857
0.6375010144819029
0.6401195056732724
0.6411782013682986
0.6404402815987985
0.6445588865489955
0.6406903410548034
0.6406344527348791
0.6391598525857269
0.6408025832779951
0.6455405992698277
0.6436969041814172
0.6448854359511628
0.6446462859569622
0.6445827882316173
