Payoff Logs:
0.19277778267860413
0.2338888794183731
0.2507225275039673
0.3045000731945038
0.3963334858417511
0.4541111886501312
0.5126667618751526
0.5695557594299316
0.6000008583068848
0.6278344392776489
0.6430011987686157
0.6551681756973267
0.6554456353187561
0.6602794528007507
0.6655572652816772
0.6648908257484436
0.6736138463020325
0.6737805008888245
0.6706141233444214
0.6721699237823486
0.6842815279960632
0.6833369731903076
0.6863925457000732
0.6831149458885193
0.6857816576957703
0.682503879070282
0.6793374419212341
0.6778923273086548
0.6780036687850952
0.6797815561294556
0.6831148266792297
0.6826149225234985
0.6618354916572571
0.6765032410621643
0.6826148629188538
0.6756139397621155
0.6771701574325562
0.680725634098053
0.6767255067825317
0.6708913445472717
