Payoff Logs:
0.3342795960624679
0.34729035314966944
0.364052462068029
0.3780761290341359
0.3881260871706979
0.3932062299713512
0.39181641795417366
0.39426849702441813
0.3972718171038165
0.3942086861274882
0.39685822641361834
0.3978953585374484
0.4036193468813646
0.39966091457417735
0.4032967716881742
0.4076819656352251
0.4275208516242841
0.43320382307915106
0.4352423431052667
0.43571174800399737
0.4456242184803863
0.4507065225843995
0.4688221961122021
0.47718459951601305
0.48785878101245644
0.4947777232797974
0.4940237335675714
0.4998548719991896
0.5184526687698783
0.5198157852568279
0.5315864559424452
0.5260959844291946
0.5342553244337392
0.538369941920671
0.5404090210502952
0.546425348791521
0.5490825746233217
0.556939127368596
0.5611360421901188
0.565381933406434
0.5649206441645455
0.5671424011756073
0.5692845031606331
0.576235788462867
0.5764162008825091
0.5824071095103263
0.5822172044843977
0.5813307641536775
0.5853583280726086
0.586720377473678
0.5904417375873391
0.587789908750696
0.5847836490187001
0.5871325574654529
0.588015160541271
0.5905210117078409
0.6006124547157913
0.6030428592200646
0.6019395730025144
0.6022037078587916
0.6060672420521842
0.6008260095759793
0.6041114942910956
0.6081174288659141
0.6105571547822363
0.609019451043111
0.606305623986032
0.609421632695266
0.6071680230521885
0.6062859178970569
0.6086463526565367
0.6036824806115806
0.610276703687427
0.6012364852610704
0.6036818300126062
0.6034952500169474
0.6070199215677663
0.6034775095759352
0.5993835441327813
0.6119000705474453
