Payoff Logs:
0.3569496745425456
0.3602395291235303
0.36387098135199114
0.36966301740365953
0.37294271995834577
0.3778971347637841
0.39039339311858695
0.40572930045994354
0.4235767219899721
0.439187763033452
0.4573403340656299
0.4739805562262147
0.47753585818635635
0.48765058032362346
0.503389098094432
0.5074421540725972
0.5159308000383186
0.5261550440872017
0.5269335175490617
0.5329254610874608
0.5382283395288967
0.5371045876863502
0.5373594076605991
0.540745539143466
0.5490197298659031
0.5508292370750328
0.5522847420239662
0.5581269311346779
0.5589879724472374
0.5604899393072544
0.5613305191812314
0.5634480827219535
0.5742393120752919
0.5719981083754352
0.5751870168422671
0.5732385880775048
0.584083321075817
0.5801592878633928
0.5843554737507602
0.5860430302774334
0.5856764547198218
0.5873260136935965
0.5904259671989147
0.5909029354893287
0.5887599670021139
0.5932016002808029
0.5886550049373576
0.5888981886366945
0.5907383960233306
0.5880974135618259
0.5918244052402861
0.5883976045164685
0.5936978734440667
0.5911778468964604
0.5943814374527422
0.5912288428710434
0.5919513701282865
0.592924542814742
0.5987494316420036
0.5977451050659809
0.5966786770124485
0.5977108719911641
0.5944060290322404
0.5958153349821836
0.5913072396180546
0.5997572507560341
0.5966517965216307
0.5984583448701036
0.6000211970873573
0.602361909503734
0.604557759775237
0.6032471405871138
0.6038244251153067
0.6045659463438294
0.6062874066946423
0.6087861564818474
0.6050582021438983
0.6087854337239195
0.6089453604612252
0.6113088079453338
