Payoff Logs:
0.3322180057068666
0.33506871106723946
0.3399161170919736
0.34148985512554647
0.3441918568313122
0.3476187935719887
0.3494642423838377
0.3526531751950582
0.35916284633179507
0.3650724947452545
0.3742413917183876
0.3824782182276249
0.38996231337388354
0.4004258363942305
0.4108591331044833
0.41942599043250084
0.43038589815298717
0.4364907039205233
0.4438776783645153
0.449029428511858
0.45147147114078207
0.46073372786243755
0.4634373365342617
0.46710687816143037
0.4699715630710125
0.46965472266077996
0.47254539822538694
0.476587861875693
0.48126701201001804
0.4824355094631513
0.48515431145826976
0.4854038068652153
0.4891321901977062
0.48849596629540126
0.4918660738070806
0.4958132289350033
0.49503238980968794
0.49852985501289365
0.5011727286378542
0.5017853156725566
0.50644622027874
0.5062575690944989
0.5108188046514988
0.5133575058480104
0.5208726665874323
0.5193140644828479
0.5170322134594123
0.5215084830919902
0.5266364405552546
0.5244514436026414
0.5260357698301474
0.524035474161307
0.5245231607059637
0.5290978193283081
0.5247338208556175
0.5253463030854861
0.5227377561728159
0.5187065675854683
0.5233508989711603
0.5191783210635186
0.5228017855187257
0.5234572806954384
0.5237240246931711
0.5237658847371737
0.5259576863547166
0.5293522977828979
0.5311740950246652
0.5291795269151529
0.5290046782294909
0.528940100222826
0.5268796877066294
0.5265856193502744
0.5279795219004154
0.5282261085510254
0.5280576275289058
0.5259055134654045
0.5224721533556779
0.5181313966711362
0.5145228637258211
0.5148624400297801
0.5178823232154052
0.511657072554032
0.5176985554893812
0.5143324229121208
0.5167246916393439
0.5151915499567985
