Payoff Logs:
0.3386026381781795
0.34414913764584404
0.34885710836292716
0.36036554751840016
0.37255163449857537
0.37939865862217365
0.3783873729953123
0.3796120470444597
0.37469113906128637
0.3811300974834307
0.3818954485704805
0.3838405724184812
0.3913870147894883
0.39517997485886586
0.40264990280697394
0.41244163129553
0.4190402853583071
0.41891828491068805
0.43277297462750386
0.42863147070545765
0.45480428308805887
0.4634487311250936
0.4752571433732888
0.4866138320174078
0.4929520640206119
0.5001351568444017
0.5036096970462994
0.5021335172187957
0.507374804638321
0.5175144231144971
0.5253698840905132
0.5247072450280263
0.5252138849466186
0.5291472798617418
0.5462913498769532
0.5447535277189889
0.5562994711527203
0.5566387923308438
0.5654456300428946
0.561257201164897
0.5705928639473394
0.5707758915119795
0.5698502905102778
0.5675967752695334
0.5695385495452915
0.5709642718834322
0.5787481285490136
0.5776215172612198
0.5845626745001941
0.5783809803696037
0.5799788998353261
0.5890719070527661
0.5903476514309937
0.5856077119881132
0.5928137372142868
0.5918506511775243
0.5984893893614216
0.5985670479397884
0.5971950597905707
0.5988258629890759
0.6009558596106863
0.6048348834871806
0.6041000720714464
0.6065148953135713
0.5945665799931579
0.6011932117214346
0.6064611176413464
0.6055935843853282
0.6010351659668658
0.6117335274274036
0.6165633764460897
0.6208811174223011
0.6107761817792778
0.6051669206224266
0.6072227806889555
0.6211365103964338
0.6262059858910256
0.6229235989228185
0.627407903385161
0.6178811407867092
