Payoff Logs:
0.2946700080235799
0.3158920675019423
0.3194406567017237
0.33009728635350866
0.3320582960546017
0.34117202579975126
0.3474696911871433
0.3441573276122411
0.34856701850891114
0.35666597306728365
0.3650120700399081
0.3745314965645472
0.3817847125728925
0.39611049721638364
0.3995778277516365
0.4103105628490448
0.42145500173171363
0.4359733612338702
0.4397093101342519
0.44766632278760277
0.4539895192782084
0.45633017013470334
0.4627914120753606
0.4747546503941218
0.47576326529184976
0.476603157222271
0.4841276047627131
0.4951980522274971
0.4956052166223526
0.496793377995491
0.5047068284948667
0.512928650478522
0.5130819337566693
0.5156407456596692
0.5148403346538544
0.5217829603950183
0.5164338115851085
0.5154991025726
0.523806466460228
0.5163311025500298
0.516877827445666
0.5187748116254807
0.5276744610071182
0.5188530191779137
0.5142452662189801
0.5209533855319023
0.5231004689137141
0.5254321383436521
0.5279935350020727
0.5317789440353712
