Payoff Logs:
0.3232264380156994
0.3175082976619403
0.32360685894886654
0.3285402788221836
0.32992375681797664
0.3303261098265648
0.33906343912084896
0.3462916096051534
0.35448281238476437
0.36205122570196785
0.37268876552581787
0.37796665986378986
0.3933730601270993
0.40114724546670916
0.40735069185495376
0.4208483698964119
0.42508798946936927
0.4341611859202385
0.43685979147752124
0.4403370705246925
0.45035198668638865
0.4551022223631541
0.4589276685317357
0.46175977875789004
0.457815590997537
0.4688680851459503
0.4657537234822909
0.4619474027554194
0.46952052901188535
0.47422234088182447
0.4774486112594605
0.4805564484000206
0.48738748669624327
0.4857680269082387
0.4874027240276337
0.48854466567436855
0.4885848998030027
0.49344693273305895
0.4975992211699486
0.4981941239039103
0.49691133459409076
0.5033920460939407
0.5059717281659444
0.5062814226746559
0.5067342789967855
0.510516510605812
0.5098704126477241
0.5106023459633191
0.5109769432743391
0.511033739844958
0.508782945672671
0.5087208738923072
0.5135598522424698
0.5095282997687658
0.5067568694551786
0.5083320004741351
0.5040454043944677
0.5048726181189219
0.5040558331211408
0.5086116735140482
0.5155585671464602
0.5101317081848781
0.5110965747634569
0.5047225173314412
0.5071258014440536
0.5123874753713608
0.5121019108096758
0.5102006829778354
0.5100304569800694
0.5040899829069774
0.5068414988120397
0.5073090930779774
0.5061171122392019
0.5067555965979894
0.49980958580970763
0.5041357975204785
0.5012400935093562
0.5035298119982083
