Payoff Logs:
0.2446650792129809
0.26343015029122585
0.2797227624038801
0.2950992966785061
0.3043072005880276
0.3100240066439649
0.31480262044930485
0.3237804245079832
0.3344282289612957
0.3449032292384097
0.3418038315673133
0.3589961966949685
0.3625792712235442
0.3805148545301468
0.3834821738776616
0.4042361283017033
0.41395845776511275
0.4279203548515207
0.41762926467504197
0.4348237395345514
0.4288285356489818
0.4554423489010362
0.45269069637311166
0.4622735609805513
0.46596124847539894
0.48354971352110193
0.4846969725646141
0.5055668889776747
0.5048162172929187
0.5150163894617145
0.5244721092122928
0.5288308589740902
0.5267016246531513
0.5213072820345106
0.5383603141104399
0.5429165175501055
0.5438817047544021
0.550177745986637
0.5534314359036691
0.5509085544884441
0.5574499933132614
0.5595971772019925
0.5631405205956652
0.5669507160920395
0.569766419953275
0.5765353798585122
0.5724723742841029
0.5762192237070018
0.581557244927649
0.5770356183650507
0.5841342924269999
0.5838652543920348
0.5828552657018434
0.5832899607985006
0.5873277610747911
0.5901004131912129
0.5886544003724773
0.5933649775458624
0.5946028186586583
0.597680119800955
0.5990393820659137
0.6055160296704603
0.6093519289987827
0.6016391718450086
0.607473432312115
0.6077920624023306
0.6012847646089785
0.6051271607046468
0.6063022290613265
0.6006292504738174
0.6012174666198948
0.6001501821341056
0.6074313874494337
0.5962186867150617
0.60434555262166
0.603493791712516
0.6044432705049811
0.6117317124054992
0.609076379405644
0.6211409827369944
