Payoff Logs:
0.5139397475151486
0.5312784528839432
0.5456731648198463
0.5525666070981133
0.5583901389276011
0.5617177584087358
0.5628005588880628
0.5622918449950284
0.5661114813987406
0.5695788639558913
0.5728740747410905
0.5812605946295482
0.5892501633056697
0.5892704440501122
0.5964406567248762
0.6038034371745605
0.6110117506695657
0.6139372181266749
0.6189715623033469
0.6219154763133731
0.6264737746806992
0.6252964151080211
0.6275676707223684
0.6292579084900816
0.6270561065066359
0.6322444462916965
0.6263110129949346
0.6275375270875616
0.6262013038626257
0.6261447882428689
0.6258187965532052
0.6235040465501129
0.6220495811223988
0.6185253469636889
0.6153710269884781
0.6158856235833294
0.6140536087496894
0.6114904996715685
0.6152675843052182
0.6111496987732958
0.6067928680356243
0.5996059572974984
0.6084113512412156
0.6077046165112645
0.608394163558817
0.60966397035557
0.6071684877578207
0.6059922123675205
0.606415389128359
0.6027601339060796
0.5987721166305371
0.6002850625207816
0.6034381349152435
0.6082882996478953
0.6009659010796687
0.597687098432249
0.5983196331010652
0.5962511116436635
0.5934389454582581
0.5982446639640197
0.5961332874839951
0.5950197609616357
0.5993100542687951
0.5983018357990345
0.5979136911188397
0.6000811106945148
0.6046392550262332
0.6055644447505448
0.6078399625638458
0.6088557842878262
0.609626804168743
0.6133056224749797
0.6134263471177029
0.6150924630666769
0.6149957801583714
0.617287961286689
0.6157569928748299
0.6163615962228941
0.6193229029176051
0.6243169502269139
