Payoff Logs:
0.27784806142250695
0.31796754072109856
0.3496322052180767
0.3588661186893781
0.3808308527370294
0.4029544700185458
0.4051863727470239
0.4049753814438979
0.4263415017724037
0.4217090297738711
0.43523619800806046
0.438396609822909
0.4431070084373156
0.4469728334248066
0.4441663060585658
0.44101104617118836
0.4365308598677317
0.443687029282252
0.4340665969252586
0.4053220436970393
0.4201782636841138
0.4147575817505519
0.42800382961829503
0.4174385061860085
0.42524731571475666
0.40899522552887596
0.39934681341052053
0.40095531766613324
0.3959953743716081
0.40152302881081897
0.4207271382212639
