Payoff Logs:
0.7053493713843528
0.7562729059199076
0.7883897746153163
0.8057499152105783
0.8208831952494184
0.8380199628311245
0.8421477423468
0.8517965022337624
0.8593983321202027
0.8660793848842382
0.8696850230276547
0.8772604250227554
0.8826827352302417
0.8899870991801995
0.8958949564554636
0.897542115959076
0.9002734218375144
0.9044519500649817
0.9095546078181321
0.9186806630372986
0.9212185572807625
0.9255944382767134
0.9313138019362939
0.9331587941500106
0.9373372749638904
0.9381209546612486
0.9418243039146167
0.943693109360758
0.9460085347663971
0.9479721108506717
0.9508851308929382
0.9525054749025893
0.9533863716686107
0.9529732671715101
0.9538179691236274
0.9576016980928087
0.9589412390700008
0.9567020146257998
0.9595251126567432
0.9608066258997199
0.9628018366613427
0.9650062347887719
0.9669569566762439
0.9697301561224024
0.9688338298967928
0.9707690713170564
0.9693504581608566
0.9722900434971045
0.9738560259625344
0.9725042058337995
0.9703737549327328
0.9711956720987552
0.9755225837056508
0.9754593797347059
0.9753759312677474
0.9771343067362956
0.9774154527224298
0.9772172336537917
0.9782355927774283
0.9768119308344342
0.9782461238466746
0.978460226743595
0.9785567700693268
0.9777951161259668
0.9770731042269648
0.9784751306449913
0.9740859544920507
0.9728898827454934
0.9723143846376653
0.9730622840789879
0.9732636931282649
0.9749606941268326
0.9676094149158383
0.96859000144514
0.9656586645525677
0.9729062820410291
0.9715890103826783
0.9723948106612099
0.9389605089906673
0.9561277142985427
