Payoff Logs:
0.2634630963585978
0.2982205027510069
0.32027758085387864
0.3354792657056953
0.34681608584696766
0.3567919188294084
0.3534731334779579
0.36097187509745665
0.37737814316050833
0.37812627082291844
0.39295063215938836
0.41150557110771446
0.42097010135341695
0.43832566612278745
0.45139142259464904
0.47202704424662234
0.47757204464545566
0.4940715158299377
0.49372700172231865
0.5020649399267333
0.5069356844839451
0.517618655529459
0.5225522364986386
0.5418319042965868
0.5485438207488033
0.5590643455863008
0.5586942555113651
0.5727574187591641
0.5740132513240581
0.5779329701341173
0.5805841272133541
0.5858610452443868
0.588815764845715
0.5912180768254519
0.5896281433793763
0.5980953965453472
0.6042361194352611
0.6004540580282169
0.5970779782289309
0.6060287396784163
0.6084958489606336
0.613559039878529
0.6123534282555222
0.6188178699023877
0.6185756448732084
0.614829765770069
0.6241397407142761
0.6293648591244819
0.6308464843164481
0.6320377377090113
0.6325692697362393
0.6305366533863301
0.6305562496432222
0.63404668997886
0.6262613014294511
0.6278583934978496
0.6257927739734596
0.6087614828244233
0.6125405704457295
0.6207883499855794
0.6119691961450432
0.6159726405081722
0.6259856730440532
0.6212832085013711
0.6299896107573104
0.6355892461233271
0.6242592836386825
0.6284023950912467
0.6353395666552727
0.6363376007627363
0.6348201380866727
0.633329795567973
0.6260517567338378
0.6259843491267517
0.6350590176241757
0.6384706945911688
0.6460303733144939
0.6352604344835625
0.6257743388656495
0.6163349882760232
