Payoff Logs:
0.2817506623764833
0.32626015464464825
0.3454760689040025
0.36161555697520575
0.35987611884872117
0.37953352063894275
0.3907587356865406
0.3961601756513119
0.4093368021647135
0.42443614135185875
0.4460387122631073
0.43415201812982557
0.4647703296939532
0.4760824093222618
0.4936738006273905
0.523327021598816
0.5288482370972634
0.5330059352517128
0.5433134378989538
0.5505359091361364
0.5742623562614123
0.5637272318204244
0.5751856181025505
0.5840795656045278
0.5917796411116918
0.5905365379651387
0.6049830824136734
0.6194572255015374
0.614733133216699
0.6265268672506015
0.6306115430593491
0.6292079222202301
0.6254592030247053
0.6166511445244154
0.6192570625742276
0.6222690739234289
0.634990704258283
0.6433811956644058
0.6210573621590932
0.6125973949829737
