Payoff Logs:
0.2608977249761422
0.29210937703649204
0.318874473075072
0.3233673460781574
0.33023712118466697
0.3432337414721648
0.3471971908211708
0.3509858398636182
0.37301939075191815
0.3845275496443113
0.3815617011984189
0.3928404104709625
0.3874815063675245
0.38516396219531696
0.3918332679569721
0.39428451865911485
0.40536928196748095
0.4065789450208346
0.40783429324626924
0.40949309706687925
0.4222668266793092
0.41936263581116995
0.4190596953034401
0.41817593336105346
0.4215545772512754
0.41644803181290624
0.4230537110567093
0.41952052772045134
0.42116123547156653
0.4177400250732899
0.4211237370967865
0.4225660270452499
0.42298939670125646
0.423633258442084
0.4345901155471802
0.4362385466694832
0.4300440676013629
0.43245135486125946
0.4484508326649666
0.4506291905045509
0.4422843566536903
0.44434119403362277
0.45448525607585905
0.4597650103767713
0.45859827180703483
0.46237370987733206
0.47955853849649427
0.4679821169376373
0.47052265038092933
0.4705860316256682
